Date,Ticker,wsb_volume
2021-02-19,AEP,1
2021-01-10,AEP,1
2020-12-13,AEP,1
2019-05-28,AEP,1
2019-04-24,AEP,1
