Date,Ticker,wsb_volume
2021-02-19,KEY,1
2020-04-18,KEY,1
2020-01-11,KEY,1
2019-10-18,KEY,1
2019-10-16,KEY,1
2019-10-14,KEY,1
2019-09-19,KEY,1
2019-06-24,KEY,1
2019-01-17,KEY,1
2017-10-16,KEY,1
2017-10-05,KEY,1
2017-09-27,KEY,1
2017-09-26,KEY,1
2017-03-27,KEY,1
2017-01-08,KEY,1
