Date,Ticker,wsb_volume
2017-09-06,EFX,1
2017-09-10,EFX,1
2017-09-12,EFX,1
2017-09-13,EFX,1
2017-09-14,EFX,2
2017-09-17,EFX,2
2017-09-18,EFX,1
2017-09-19,EFX,1
2017-09-21,EFX,1
2017-09-24,EFX,1
2017-09-27,EFX,1
2017-10-03,EFX,1
2017-10-04,EFX,1
2017-10-12,EFX,1
2017-10-16,EFX,1
2017-10-24,EFX,1
2017-11-02,EFX,1
2019-10-24,EFX,1
2021-02-19,EFX,1
